
https://leetcode.cn/u/cfl997/


random_shuffle




SerialNumber	Data			answer
1				2023 02 22
2				2023 02 23
9				2023 02 24
4				2023 02 25
26				2023 02 27		
122				2023 03 06		贪婪	
189				2023 03 06
217				2023 03 06
136				2023 03 06		^
350				2023 03 07
349				2023 03 07
283				2023 03 07
66				2023 03 07
344				2023 03 08
7				2023 03 08		* % (int)==
28				2023 03 09		kmp
125				2023 03 09		isAlnum tolower
242				2023 03 13		sort(string)
8				2023 03 14		溢出(result>INT_MAX/10|| (result == INT_MAX/10&&(s.at(i)-'0')>INT_MAX%10))
70				2023 03 14		动态规划
121				2023 03 14		动态规划
53				2023 03 15		动态规划
198				2023 03 15		动态规划
204				2023 03 16		埃氏筛 i*i<n j+=i
191				2023 03 16		(n >> i & 1) == 1
326				2023 03 17		
412				2023 03 17		
461				2023 03 19		^ & >> 
118				2023 03 20		
38				2023 03 21		递归
14				2023 03 21		min_element max_element